Y0=1.38000000000000000e+02
Y1=4.13219999999999982e+03
